,Year,Total Sold/Median,Conventional Med.,FHA-Insured Med.,VA-Guaranteed Med.,Rural Hous. Serv.,Cash Med.,Total Sold/Average,Conventional Avg.,FHA-Insured Avg.,VA-Guaranteed Avg.,Rural Hous. Serv.,Cash Avg.
19,2002-01-01,187600,206900,127900,144200,94600,195600,228700,246300,132900,147300,106700,232800
20,2003-01-01,195000,215700,128200,150900,100900,184500,246300,263600,133100,155400,106800,256100
21,2004-01-01,221000,238100,130100,149900,101000,199900,274500,290500,133900,158700,121100,245800
22,2005-01-01,240900,252200,134900,161500,104700,221000,297000,307500,140000,175300,108300,284600
23,2006-01-01,246500,258400,146200,184900,145100,246900,305900,316900,160100,195700,137200,301800
24,2007-01-01,247900,258500,151700,187700,139700,249400,313600,320000,161900,199700,148700,342900
25,2008-01-01,232100,250600,185800,193200,(NA),257500,292600,314100,204600,208900,(NA),322500
26,2009-01-01,216700,239900,182700,204100,(NA),262900,270900,298700,202400,225500,(NA),324600
27,2010-01-01,221800,252800,186900,210100,(NA),244700,272900,306100,206900,229300,(NA),318800
28,2011-01-01,227200,244700,191700,216900,(NA),232100,267900,288000,212600,235400,(NA),282700
29,2012-01-01,245200,270800,200000,228700,(NA),253700,292200,321100,220500,249600,(NA),305200
30,2013-01-01,268900,287200,205300,254000,(NA),280400,324500,348200,231200,276800,(NA),358200
31,2014-01-01,288500,306000,213000,261600,(NA),304300,347700,364600,230700,288500,(NA),398400
32,2015-01-01,294200,321700,223600,260500,(NA),322700,352700,380100,243100,290100,(NA),399000
33,2016-01-01,307800,339000,216600,283300,(NA),325100,360900,392200,236100,304300,(NA),403500
34,2017-01-01,323100,351300,234500,296800,(NA),349200,384900,415700,254900,317400,(NA),418700
35,2018-01-01,326400,362500,249500,294500,(NA),342900,385000,417700,263500,321000,(NA),411100
36,2019-01-01,321500,353700,241200,327300,(NA),335400,383900,414500,258400,359000,(NA),411600
37,2020-01-01,336900,370600,254600,348100,(NA),336000,391900,418000,268400,375600,(NA),441000
