,Year,Total Homes Sold,"<$125,000","<$149,999","<$199,999","<$249,999","<$299,999","<$399,999","<$499,999","<$749,999",">$750,000"
7,2002,973,157,138,237,139,107,106,47,31,12
8,2003,1086,150,146,264,148,112,142,56,51,17
9,2004,1203,133,137,254,181,131,165,90,82,31
10,2005,1283,104,122,246,200,152,203,111,99,45
11,2006,1051,64,97,208,162,138,174,84,80,43
12,2007,776,38,68,162,125,102,121,65,62,32
13,2008,485,31,46,106,86,63,69,35,31,18
14,2009,375,25,41,96,66,48,46,23,20,10
15,2010,323,19,36,79,54,43,44,21,18,8
16,2011,306,19,31,68,59,40,46,20,17,6
17,2012,368,16,30,74,68,52,63,33,23,9
18,2013,429,9,25,79,72,67,85,40,36,16
19,2014,437,9,17,69,69,68,91,50,42,21
20,2015,501,7,14,73,82,82,105,64,51,23
21,2016,561,5,14,75,83,89,132,76,62,25
22,2017,613,5,13,61,94,93,147,88,79,33
23,2018,617,7,11,54,89,98,153,90,78,36
24,2019,683,3,10,52,115,112,171,95,90,34
25,2020,822,3,6,53,117,136,229,132,104,42
